1.200584561722761206e+07
2.830494929330775980e+06
2.053130970122033730e+07
1.606504879504125332e+06
4.785906747284849407e+05
5.704539317530044354e+06
6.889033007055982016e+05
4.823770443307160749e+05
1.908068566928411601e+06
1.133462068269446754e+05
4.192102687964955810e+06
4.965382709652551566e+05
4.190420803165090270e+06
1.847928971520232735e+06
1.463762523649348004e+05
1.168196558903732803e+06
1.590004818562367000e+06
3.150764143598057330e+06
4.079009585153727676e+05
1.231257838701219735e+05
2.118277157610603608e+06
1.182152907365015271e+05
1.183703088016158203e+06
4.788014081218455918e+06
5.788617001204690896e+05
9.576810848401188850e+06
4.096309692278103321e+05
1.099380510333758779e+06
1.744568661989578744e+06
1.470696029130749870e+06
4.951315862249126076e+05
3.469373421522218734e+06
5.676407207731719129e+06
2.496735516298381239e+07
4.651446125555828912e+05
1.463094552285908908e+07
7.775676638894944917e+05
1.288887090490342351e+06
4.543009733983540209e+05
1.017566468906701542e+07
2.685055498549285810e+06
7.236513231516760774e+06
4.601246485520544811e+05
2.037182655315105221e+05
3.453332061073784716e+06
1.084938137680301256e+07
6.564038542102235369e+06
3.445289725296321558e+05
9.952735333566154586e+05
1.477845906083494890e+06
1.528007766877216753e+06
2.279313765861712454e+05
4.057342599102671724e+06
2.185310888213086873e+05
2.127795651943913195e+06
3.524045940514035174e+05
5.847311557014355436e+06
4.574928055130970664e+06
2.960168281518639531e+06
6.966238845247536665e+05
1.098499680777611211e+07
4.080318323173562065e+06
3.985934666335511021e+06
3.188363624042251613e+05
3.457693495326719712e+05
2.808369237449822016e+06
3.829640784922443563e+05
1.382959323820198514e+07
6.570480456258530030e+05
9.052726085202033864e+05
2.675639457619365421e+05
2.525555395921523450e+05
3.448951390150829684e+05
1.607039798645620467e+06
7.997974825080124428e+05
1.960474728841644479e+06
8.545165194393831771e+05
1.070541455636886321e+07
1.947893961406311952e+06
3.754347845619456843e+06
2.219933771967268083e+06
7.460557332659350708e+06
4.392693396004812792e+06
8.100177636034032330e+06
3.010077428133524954e+06
3.101385167489873711e+05
4.324639776311251335e+05
9.320836499825115316e+05
4.434402478381328401e+05
1.482647480787126347e+06
8.789245322442523902e+05
2.237642977141474839e+06
2.913724257957167923e+06
2.157746382316734525e+05
2.969325979539898690e+05
1.970038494191759382e+05
4.728311064112577587e+06
1.979846011970676249e+06
1.152727559787275735e+06
5.434416282863621600e+05
1.659753432905941270e+06
3.155542648293580860e+05
3.471858612577710883e+05
5.756356113894632086e+06
6.790667916919104755e+06
1.080301198619179428e+06
2.615198949433206581e+06
2.730460146696672309e+06
2.601521603543570964e+05
6.458520071675071958e+05
6.699152071781636216e+06
3.388975676038374659e+05
8.309686530109846033e+06
3.907801390964915510e+06
1.555876802885295358e+06
7.606742838921849616e+05
5.324717636565349530e+05
2.419849514165529516e+06
3.747728222435191739e+06
1.439005136628675042e+06
8.534287190143950284e+06
1.468144588553060545e+06
3.825306989202039782e+06
1.699943463969856966e+05
7.237631399961417774e+05
3.115849156276479829e+06
2.617123804298675095e+05
7.606645092467259616e+06
1.573996899356106762e+06
1.604263543152390281e+06
7.580255997117023217e+05
9.451404073353094980e+06
1.160385893494368345e+07
1.816885317069072917e+05
1.530178946091897669e+05
7.231581468787521590e+05
1.108078868796924502e+07
1.405841751903624390e+05
2.084337518680447247e+05
4.756774391010608524e+05
4.300647940483988263e+06
2.674047197916314006e+06
2.652995103755855234e+05
3.634445645257389988e+05
5.173926751132808626e+06
1.337264193919049576e+05
2.412962699081207684e+05
3.474357191207706928e+06
1.905336986146861454e+05
1.563311776014351344e+05
3.702053370300718234e+05
1.342875870415036043e+05
2.400667215060158924e+05
1.259835460510634119e+06
8.208863095066350885e+06
7.417695907126710517e+05
9.062369406862175092e+06
5.473495936023523100e+06
3.092569878719693981e+06
1.036051461756518483e+07
1.974530829006101703e+06
1.461151969552144594e+07
5.369488929187201895e+06
5.574036655008391244e+05
1.031426278780959314e+06
1.835701683300407231e+07
6.597102751756587531e+04
2.303240738566689193e+06
1.118844203153267968e+06
4.045275947815749329e+06
1.157172162689629942e+06
1.377357688568468438e+06
3.982190709448378533e+06
1.278444810461030807e+06
5.428697762222117744e+06
5.490477939965631813e+06
1.506844659619297460e+07
4.159003553202357725e+05
5.510619115617116913e+05
2.270521758689064533e+06
2.108893898741548881e+06
1.902275075868493295e+05
3.337348213390870020e+06
1.027653746690575383e+06
8.822448344533694908e+06
3.704021306127354619e+05
3.313903535298290849e+07
5.372123916818767320e+05
2.770031342923448235e+07
1.133264985697062919e+06
2.084594308051793370e+06
3.286840287045743316e+06
3.828772657805248746e+05
1.150778487555817468e+06
6.972011592128766933e+05
5.106762346960644936e+05
9.407975374650621787e+06
3.055263926759989117e+05
4.350206054466912523e+06
3.139225802339525544e+05
6.133335554496403784e+05
2.071520307813399658e+07
4.362343371153811924e+06
7.367813629582674184e+04
1.566938988368418254e+07
4.428572375030471594e+05
1.968849344789152965e+07
5.697201556359348819e+06
1.225726517187581630e+06
1.558663286128739081e+07
1.820915528521409491e+06
1.797498024021737278e+06
1.044013755789330462e+06
4.721953331283152220e+05
1.787436718500681163e+05
8.153491360558994347e+05
1.519399188278632425e+07
3.139876848184056580e+06
1.958661194244979415e+05
1.226555942543266108e+06
8.752572693723248318e+06
8.847916041010832414e+06
5.683176021649187896e+05
3.347761592106217286e+05
9.110219571316460148e+06
1.805911646461116034e+05
4.498473994870092720e+06
2.720202218328050803e+05
2.253370509153498337e+06
1.806647245854011737e+06
1.116439085028474219e+05
1.322664385697997059e+05
2.600047381910115015e+06
6.821601836709758267e+06
5.022171412203564309e+06
1.636271603325791843e+07
3.603826014648313285e+05
1.368027837866043905e+06
2.579570937362398545e+05
5.624220758066556882e+05
3.173087621826085378e+05
9.583204120139663573e+05
2.181307479772386141e+06
6.548314384120632894e+05
1.331369637989051826e+07
5.726395531610396691e+06
1.160333484943424538e+07
1.426001742123331933e+05
4.014759572553690523e+05
3.277771112069257069e+06
